[app/ui]
version = 8.0.5
modtime = 1598485222.009646600

[app/launcher]
version = 8.0.5
modtime = 1598485222.022611700
